0 0 0.0125
0.02 0.0125 2.45
0.04 0.5875 9.2
0.06 0.3375 5.75
0.08 0.125 4.7375
0.1 0.2375 5.775
0.12 0.1875 5.0875
0.14 0.2875 6.0875
0.16 0.2125 4.7375
0.18 0.1125 4.35
0.2 0.1375 4.375
0.22 0.2 5.85
0.24 0.2 4.4
0.26 0.0875 4.775
0.28 0.1375 4.65
0.3 0.125 5.225
0.32 0.1375 4.7375
0.34 0.2375 4.725
0.36 0.1125 4.2
0.38 0.1 3.7
0.4 0.1625 3.85
0.42 0.125 5.275
0.44 0.125 5.3625
0.46 0.225 4.525
0.48 0.125 4.05
0.5 0.0875 4.775
0.52 0.1375 4.5625
0.54 0.05 4.5125
0.56 0.1875 4.425
0.58 0.1 3.9625
0.6 0.0875 4.5875
0.62 0.1375 4.85
0.64 0.2 4.9125
0.66 0.1125 4.0375
0.68 0.0625 4.375
0.7 0.125 4.25
0.72 0.15 5.025
0.74 0.1125 4.5375
0.76 0.1125 5.225
0.78 0.25 4.9375
0.8 0.125 4.2125
0.82 0.2 5.3125
0.84 0.1375 4.525
0.86 0.0875 4.125
0.88 0.1875 4.5
0.9 0.125 4.1375
0.92 0.125 4.125
0.94 0.1375 4.7125
0.96 0.175 4.825
0.98 0.075 3.6125
1 0.0875 4.875
1.02 0.2375 4.5625
1.04 0.4125 5.125
1.06 0.2625 4.2
1.08 0.1375 3.975
1.1 0.4125 4.6875
1.12 0.1875 4.1375
1.14 0.2375 4.55
1.16 0.25 4.6125
1.18 0.2 3.975
1.2 0.2875 5.075
1.22 0.2 4.1375
1.24 0.275 3.975
1.26 0.25 4.35
1.28 0.2125 3.95
1.3 0.25 4.5625
1.32 0.225 4.5125
1.34 0.3375 4.6375
1.36 0.2125 4.65
1.38 0.3625 5.15
1.4 0.275 4.425
1.42 0.25 4.4
1.44 0.4 5.5875
1.46 0.35 5.025
1.48 0.2 4.3875
1.5 0.2125 4.0875
1.52 0.2375 4.0875
1.54 0.175 4.55
1.56 0.2375 4.25
1.58 0.2875 5.1
1.6 0.3375 4.2375
1.62 0.25 4.875
1.64 0.3375 4.7625
1.66 0.4 4.7
1.68 0.1875 4.8
1.7 0.4 4.575
1.72 0.2875 4.8125
1.74 0.2625 4.3
1.76 0.3125 4.5125
1.78 0.3625 4.925
1.8 0.1375 3.9875
1.82 0.25 4.475
1.84 0.2875 4.1875
1.86 0.1875 4.4625
1.88 0.25 4.5375
1.9 0.225 5.1
1.92 0.225 4.275
1.94 0.25 4.4125
1.96 0.375 5.625
1.98 0.2125 3.875
2 0.225 4.65
2.02 0.35 4.3
2.04 0.55 4.55
2.06 0.5125 3.95
2.08 0.575 4.6625
2.1 0.9625 6.0125
2.12 0.575 4.4125
2.14 0.725 4.9
2.16 0.6375 4.5875
2.18 0.6125 5.075
2.2 0.475 4.5625
2.22 0.5 4.825
2.24 0.5625 3.5875
2.26 0.325 4.1
2.28 0.5 4.2875
2.3 0.4875 3.95
2.32 0.5875 4.75
2.34 0.5 4.4125
2.36 0.5125 4.175
2.38 0.5 3.6875
2.4 0.4375 3.525
2.42 0.5 4.575
2.44 0.8625 4.2875
2.46 0.525 4.675
2.48 0.65 4.4125
2.5 0.8375 4.9
2.52 0.875 4.6
2.54 0.5625 4.375
2.56 0.55 3.725
2.58 0.4375 4.1375
2.6 0.4 3.525
2.62 0.475 4.05
2.64 0.4125 3.4375
2.66 0.5625 4.825
2.68 0.65 4.425
2.7 0.275 3.575
2.72 0.375 4.1
2.74 0.65 4.8
2.76 0.65 4.5
2.78 0.7125 4.2
2.8 0.3125 3.7625
2.82 0.5375 4.1625
2.84 0.625 4.9875
2.86 0.8375 4.5375
2.88 0.5875 4.3375
2.9 0.5625 4.4
2.92 0.4875 3.8
2.94 0.3 3.825
2.96 0.65 4.7
2.98 0.7125 5.2
3 0.525 4.475
3.02 0.9625 4.5375
3.04 1.4875 4.725
3.06 1.1375 3.8125
3.08 0.9125 3.8625
3.1 0.95 4.5125
3.12 1.1875 4.125
3.14 1.525 5.125
3.16 1.6625 4.6625
3.18 1.3375 4.3625
3.2 1.1375 4.1375
3.22 1.2125 4.275
3.24 1.2 3.7
3.26 0.8125 3.4
3.28 1.05 3.5625
3.3 0.9625 3.8125
3.32 1.125 3.9625
3.34 1.2375 3.8875
3.36 0.7 3.15
3.38 0.8625 3.8375
3.4 0.9625 4.025
3.42 1.0625 4.8375
3.44 1.025 3.9125
3.46 1.225 4.1875
3.48 1.05 3.55
3.5 0.7125 3.3875
3.52 0.775 3.825
3.54 0.9375 3.55
3.56 1.125 4.7125
3.58 1.3 4.575
3.6 1.1875 4.475
3.62 1.025 3.875
3.64 0.925 3.45
3.66 0.95 3.7375
3.68 0.6625 3.0875
3.7 1.15 4.525
3.72 0.8125 4.3375
3.74 1.35 4.45
3.76 1.1375 3.9125
3.78 0.725 3.475
3.8 1 3.75
3.82 0.825 3.95
3.84 1.3 3.9625
3.86 1.0375 3.875
3.88 0.85 3.0375
3.9 0.9625 3.975
3.92 0.975 3.825
3.94 1.05 4.0625
3.96 1.475 4.3
3.98 1 3.825
4 0.925 3.275
4.02 1.5375 3.925
4.04 2.5125 4.5875
4.06 1.9875 3.525
4.08 1.8875 4.4
4.1 2.075 3.95
4.12 1.55 3.3375
4.14 1.6625 3.5875
4.16 1.5875 3.7875
4.18 1.625 3.0625
4.2 1.75 3.4875
4.22 1.3125 3.4375
4.24 1.975 3.5625
4.26 1.35 2.85
4.28 2.05 4.2875
4.3 2.2625 3.9375
4.32 1.875 4.275
4.34 2.25 4.0625
4.36 1.375 3.275
4.38 1.9125 3.7125
4.4 1.85 3.55
4.42 1.175 2.425
4.44 1.1375 2.825
4.46 1.5375 3.3
4.48 1.7625 3.15
4.5 1.9125 4.0875
4.52 2.05 3.575
4.54 1.45 2.7125
4.56 1.4125 3.4
4.58 1.9125 3.5625
4.6 1.7375 3.5125
4.62 1.575 3.8
4.64 2.125 3.7625
4.66 1.45 3.0375
4.68 1.15 3.2875
4.7 1.875 3.1625
4.72 1.75 4.1625
4.74 1.8375 3.625
4.76 1.8125 3.525
4.78 1.4625 3.5125
4.8 2.025 3.975
4.82 1.8375 4.1625
4.84 2.2 4.15
4.86 1.6125 3.9
4.88 1.75 3
4.9 1.5375 3.475
4.92 1.375 3.1125
4.94 1.575 3.225
4.96 1.475 3.55
4.98 1.925 3.65
5 1.9375 3.9
5.02 2.0375 3.55
5.04 2.75 3.7125
5.06 2.5875 3.4875
5.08 2.2 3.2125
5.1 2.1125 2.675
5.12 2.0375 3.3125
5.14 2.3875 3.175
5.16 2.2125 3.075
5.18 2.2125 3.25
5.2 2.0375 3.275
5.22 2.175 3.45
5.24 2.825 3.5125
5.26 2.275 3.3
5.28 2.1125 2.55
5.3 2.1375 3.2875
5.32 2.5375 3.75
5.34 2.0625 2.85
5.36 2.3375 3.6375
5.38 2.4625 3.4
5.4 2.55 3.325
5.42 2.4625 3.4375
5.44 2.2875 3.975
5.46 3.3125 4.1125
5.48 2.775 3.6875
5.5 2.0625 2.9625
5.52 2.225 2.925
5.54 2.175 3.0875
5.56 1.8 2.6875
5.58 1.9125 2.825
5.6 2.35 3.625
5.62 2.075 2.5375
5.64 1.8625 2.675
5.66 2.3875 3.425
5.68 2.5 3.5
5.7 2.6125 3.825
5.72 2.1 2.7125
5.74 1.5 2.1875
5.76 2.4 3.65
5.78 2.2875 3.325
5.8 2.4625 3.5375
5.82 2.3 3.175
5.84 2.5875 3.5375
5.86 2.4125 3.2875
5.88 2.325 3.3375
5.9 2.25 2.9375
5.92 2.1875 3.5125
5.94 2.55 2.875
5.96 1.8375 3.0875
5.98 2.15 2.7
6 2.275 3.525
6.02 2.9 2.9
6.04 2.9125 3.7375
6.06 3.0375 3.2375
6.08 2.7 2.8625
6.1 2.95 3.375
6.12 2.825 2.8375
6.14 2.7375 3.425
6.16 3.025 3.0625
6.18 2.4375 2.6875
6.2 2.6375 3.225
6.22 2.9125 2.925
6.24 2.6375 2.9
6.26 2.5125 3.075
6.28 2.95 3.2125
6.3 2.8625 2.95
6.32 2.25 2.95
6.34 2.6 3.1375
6.36 3.0375 3.1125
6.38 2.775 3.025
6.4 3.2125 3.8125
6.42 2.4375 2.45
6.44 2.55 3.2
6.46 2.9875 3.25
6.48 3.0625 3.325
6.5 2.5625 2.6
6.52 2.0125 2.225
6.54 2.2125 2.6625
6.56 2.35 2.875
6.58 2.975 3.1625
6.6 2.425 2.575
6.62 2.6625 3.1625
6.64 2.55 2.85
6.66 2.6125 3.0125
6.68 3.3375 3.975
6.7 2.825 3.2375
6.72 3.075 3.15
6.74 2.925 3.65
6.76 2.9 2.8125
6.78 2.6875 2.95
6.8 2.3375 2.9875
6.82 2.825 3.1375
6.84 2.9 3.2125
6.86 2.5625 2.9125
6.88 2.5625 3.1125
6.9 2.7 2.9125
6.92 2.775 3
6.94 2.375 2.85
6.96 3.475 4.0125
6.98 2.8875 3.025
7 2.775 3.1125
7.02 2.875 2.9
7.04 3.2125 3.2875
7.06 2.725 2.8375
7.08 2.7875 2.9
7.1 2.875 2.725
7.12 2.8875 3.2375
7.14 2.875 2.7125
7.16 3 3.3375
7.18 2.525 2.6375
7.2 2.7375 2.4625
7.22 2.6625 3.0125
7.24 3.0125 3.3125
7.26 3.3125 3.55
7.28 3.025 3.1375
7.3 3.2375 3.0875
7.32 2.85 2.75
7.34 2.35 2.5375
7.36 2.95 2.9375
7.38 2.9 3
7.4 2.6375 2.8875
7.42 3.0625 3.3625
7.44 3.3125 3.1125
7.46 2.5625 2.675
7.48 2.35 2.5125
7.5 2.75 2.7625
7.52 3.2375 3.375
7.54 2.9125 2.9625
7.56 2.75 2.675
7.58 2.7625 3.575
7.6 3.4875 3.2625
7.62 2.775 2.775
7.64 2.625 2.475
7.66 2.625 3.25
7.68 2.8625 2.425
7.7 2.75 3.1125
7.72 2.8 2.85
7.74 2.4 2.525
7.76 3.15 3.4
7.78 3.325 3.5375
7.8 2.8625 2.4875
7.82 2.925 3.1875
7.84 2.525 2.4625
7.86 2.725 2.975
7.88 2.55 2.3625
7.9 2.6875 2.7375
7.92 2.4 2.6375
7.94 3.1 3.175
7.96 2.775 3
7.98 3 3.3
8 3.5125 3.25
8.02 2.7375 2.6
8.04 3.125 3.475
8.06 2.9875 2.675
8.08 2.6625 2.925
8.1 2.9 2.9875
8.12 3.4125 3.05
8.14 2.4875 2.9
8.16 3.075 3.2
8.18 2.975 2.5125
8.2 3.05 3.375
8.22 3.025 2.975
8.24 2.9875 3.1125
8.26 3.3 3.225
8.28 2.75 2.825
8.3 3.1625 3.2875
8.32 3.4 3.475
8.34 3.225 3.35
8.36 3.1 2.625
8.38 2.75 2.975
8.4 2.725 2.825
8.42 2.95 2.6875
8.44 2.6125 2.9875
8.46 3.675 3.7875
8.48 3.5625 3.5375
8.5 3.425 3.0875
8.52 2.35 2.75
8.54 2.75 2.5875
8.56 2.5625 2.6625
8.58 3.2 2.9625
8.6 2.6625 3.125
8.62 3.375 2.9375
8.64 2.6 2.7875
8.66 2.8125 3.0875
8.68 3.4875 3.275
8.7 2.4875 2.4
8.72 2.8375 2.8625
8.74 2.8 2.9625
8.76 3.4 3.3875
8.78 2.75 2.8625
8.8 2.5375 2.825
8.82 3.425 3.2
8.84 2.875 2.6125
8.86 2.9375 3.0875
8.88 2.625 2.5125
8.9 2.55 3.0125
8.92 3.3 3.2875
8.94 3.1625 3.3
8.96 3.025 2.6
8.98 2.3 2.325
9 2.5375 2.6
9.02 2.4875 3.0125
9.04 4.0875 3.7875
9.06 3.3125 3.275
9.08 3.125 2.95
9.1 2.375 2.7
9.12 3.3 3.5625
9.14 3.6 3.375
9.16 3.425 3.3375
9.18 3.3 3.4375
9.2 3.2 3.1875
9.22 2.8375 2.475
9.24 2.75 2.7625
9.26 2.9 3.1125
9.28 3.0125 3.075
9.3 2.7125 2.775
9.32 3.45 3.5
9.34 2.975 2.9375
9.36 2.75 2.7625
9.38 2.5875 2.4
9.4 2.6 2.9125
9.42 3.2375 3.475
9.44 3.825 3.875
9.46 3.1 2.55
9.48 3.0375 3.3875
9.5 3.0875 2.8375
9.52 3.0125 3.3
9.54 3.0125 3.0375
9.56 3.1125 2.825
9.58 2.6625 3.125
9.6 3.3125 3.1375
9.62 2.825 2.7
9.64 3.0125 3.1125
9.66 2.9875 3.15
9.68 3.4375 3.2875
9.7 2.4125 2.5375
9.72 2.675 2.4
9.74 2.8125 3.1375
9.76 3.1375 3.3875
9.78 3.575 3.65
9.8 3.1375 2.825
9.82 2.9375 2.7875
9.84 3.0375 3.2875
9.86 3.3875 3.225
9.88 2.825 2.725
9.9 2.9875 3.1625
9.92 3.275 2.9125
9.94 2.8375 3
9.96 2.475 2.5
9.98 2.875 3.0875
