0 0.0125
0.02 5.9375
0.04 17.9375
0.06 11.6625
0.08 8.7375
0.1 9.4125
0.12 8.325
0.14 9.6
0.16 7.2375
0.18 6.575
0.2 7.425
0.22 8.9125
0.24 7.775
0.26 7.525
0.28 7.2
0.3 8.2625
0.32 7.4375
0.34 7.6375
0.36 7.2375
0.38 6.2
0.4 6.7375
0.42 8.625
0.44 7.825
0.46 7.625
0.48 7.1875
0.5 7.2875
0.52 7.6
0.54 7.325
0.56 7.625
0.58 7.3875
0.6 6.9375
0.62 7.25
0.64 8.3375
0.66 7.0125
0.68 6.7125
0.7 7.2875
0.72 7.8625
0.74 7.5125
0.76 8.1125
0.78 8.025
0.8 7.3125
0.82 8.6125
0.84 7.2625
0.86 6.975
0.88 7.6375
0.9 7.0375
0.92 7.4375
0.94 7.7625
0.96 7.4625
0.98 5.725
1 7.9875
1.02 8.1625
1.04 9.4625
1.06 8.325
1.08 6.9875
1.1 9.4
1.12 7
1.14 7.8875
1.16 8.8125
1.18 6.9875
1.2 8.825
1.22 7.5125
1.24 7.3
1.26 8.075
1.28 7.425
1.3 8.3125
1.32 8.175
1.34 9.1875
1.36 8.0125
1.38 9.0625
1.4 7.95
1.42 7.5875
1.44 9.25
1.46 8.8875
1.48 7.2125
1.5 7.275
1.52 7.125
1.54 8.225
1.56 7.35
1.58 8.7375
1.6 7.675
1.62 8.5875
1.64 8.7375
1.66 8.6
1.68 8.2875
1.7 8.15
1.72 8.55
1.74 7.8375
1.76 7.725
1.78 8.5375
1.8 7.5125
1.82 7.85
1.84 7.3875
1.86 7.85
1.88 7.7625
1.9 8.5125
1.92 7.6625
1.94 8.1125
1.96 9.4875
1.98 7.425
2 8.225
2.02 7.8625
2.04 10.175
2.06 8.85
2.08 9.325
2.1 13.0375
2.12 9.675
2.14 9.95
2.16 9.9875
2.18 10.0875
2.2 9.2625
2.22 9.2375
2.24 8.275
2.26 8.025
2.28 8.275
2.3 8.4
2.32 10.3125
2.34 9.875
2.36 8.275
2.38 8.2
2.4 7.725
2.42 9.55
2.44 10
2.46 10.2
2.48 9.4875
2.5 10.8625
2.52 10.3625
2.54 9.35
2.56 8.25
2.58 8.6625
2.6 8.2625
2.62 8.6125
2.64 7.4125
2.66 9.75
2.68 10
2.7 7.7875
2.72 8.2625
2.74 9.9875
2.76 10.1
2.78 9.8375
2.8 8.3375
2.82 8.4625
2.84 10.325
2.86 9.9125
2.88 9.125
2.9 8.825
2.92 8.9125
2.94 8.5125
2.96 9.7625
2.98 10.75
3 9.975
3.02 11.0375
3.04 13.5875
3.06 12.5125
3.08 10.0875
3.1 11.325
3.12 11.875
3.14 13.4125
3.16 13.2125
3.18 12.4875
3.2 11.725
3.22 11.6375
3.24 11.05
3.26 10.675
3.28 10.35
3.3 10.2625
3.32 10.325
3.34 11.15
3.36 9.075
3.38 10.6875
3.4 10.675
3.42 11.8125
3.44 10.9875
3.46 11.35
3.48 10
3.5 9.5875
3.52 9.7375
3.54 10.125
3.56 11.9
3.58 12.725
3.6 12.5125
3.62 10.7125
3.64 9.3125
3.66 9.8125
3.68 9.225
3.7 11.4
3.72 11.675
3.74 12.25
3.76 11.3125
3.78 9.75
3.8 10.2875
3.82 10.9875
3.84 11.4625
3.86 11.2875
3.88 8.725
3.9 10.2875
3.92 10.525
3.94 10.925
3.96 12.2125
3.98 11
4 9.7375
4.02 11.575
4.04 16.425
4.06 16.15
4.08 15.5625
4.1 14.9
4.12 13.2
4.14 13.425
4.16 13.1125
4.18 11.8375
4.2 12.6125
4.22 12.45
4.24 13.125
4.26 11.95
4.28 14.7125
4.3 15.5
4.32 14.525
4.34 13.925
4.36 13.025
4.38 14.1125
4.4 13.65
4.42 10.6125
4.44 10.05
4.46 11.35
4.48 12.65
4.5 13.8875
4.52 14.15
4.54 12.6125
4.56 11.85
4.58 13.175
4.6 13.975
4.62 13.275
4.64 14.8875
4.66 12.725
4.68 12.225
4.7 12.675
4.72 13.6
4.74 13.7125
4.76 14.325
4.78 13.0875
4.8 14.2875
4.82 14.8375
4.84 15.4
4.86 13.9125
4.88 11.775
4.9 12.675
4.92 10.8875
4.94 11.9625
4.96 12.6375
4.98 13.525
5 14.025
5.02 14.9
5.04 18.6375
5.06 18.1125
5.08 16
5.1 14.825
5.12 15.5875
5.14 14.9375
5.16 14.575
5.18 14.275
5.2 14.7
5.22 14.75
5.24 16.675
5.26 16.775
5.28 14.6375
5.3 14.725
5.32 16.5625
5.34 15.5125
5.36 16.325
5.38 16.3
5.4 16.4875
5.42 16.325
5.44 16.125
5.46 18.525
5.48 18.8125
5.5 15.0125
5.52 13.625
5.54 14.3125
5.56 14.275
5.58 13.8625
5.6 16.025
5.62 15.4
5.64 13.3875
5.66 14.5
5.68 16.2125
5.7 16.6875
5.72 14.925
5.74 11.575
5.76 14.8375
5.78 16.25
5.8 16.65
5.82 16.2
5.84 16.8625
5.86 15.975
5.88 15.2
5.9 14.475
5.92 14.8875
5.94 15.45
5.96 14.3875
5.98 14.175
6 15.2125
6.02 16.8125
6.04 19.9875
6.06 18.8875
6.08 16.8
6.1 17.7625
6.12 17.8625
6.14 18.9125
6.16 18.0125
6.18 15.525
6.2 17.0375
6.22 16.3
6.24 17.4625
6.26 17.3375
6.28 17.9125
6.3 17.4375
6.32 16.3875
6.34 17.7125
6.36 17.9875
6.38 17.6625
6.4 18.3625
6.42 16.975
6.44 15.55
6.46 16.9875
6.48 18.025
6.5 16.2625
6.52 13.7625
6.54 13.7
6.56 15.25
6.58 17.2375
6.6 16.125
6.62 17.975
6.64 17.925
6.66 17.4
6.68 18.8375
6.7 18.5125
6.72 18.425
6.74 18.45
6.76 16.475
6.78 15.8
6.8 16.1125
6.82 17.2
6.84 18.225
6.86 17.8875
6.88 17.075
6.9 16.2375
6.92 16.5625
6.94 16.725
6.96 20.375
6.98 19.25
7 17.5
7.02 18.175
7.04 20.1125
7.06 18.525
7.08 17.825
7.1 17.225
7.12 19.075
7.14 18.775
7.16 19.1875
7.18 17.5125
7.2 16.15
7.22 16.4375
7.24 18.05
7.26 19.5
7.28 20.05
7.3 20.5
7.32 18.2625
7.34 16.95
7.36 17.55
7.38 17.8125
7.4 17.5125
7.42 18.4625
7.44 19.2375
7.46 18.0375
7.48 16.275
7.5 16.8375
7.52 18.8625
7.54 18.4375
7.56 17.0375
7.58 18.175
7.6 19.8875
7.62 17.85
7.64 18.25
7.66 18.425
7.68 16.7125
7.7 17.125
7.72 17.95
7.74 16.15
7.76 19.2875
7.78 20.75
7.8 18.6625
7.82 19.0125
7.84 17.2125
7.86 17.075
7.88 16.2625
7.9 16.65
7.92 16.4875
7.94 17.975
7.96 18.4
7.98 18.525
8 19.55
8.02 19.7875
8.04 21.425
8.06 18.825
8.08 19.0625
8.1 18.5875
8.12 19.525
8.14 18.35
8.16 18.35
8.18 17.85
8.2 18.3375
8.22 18.4125
8.24 18.8125
8.26 20.45
8.28 19.4
8.3 19.45
8.32 20.8
8.34 21.6375
8.36 18.9875
8.38 18.3125
8.4 18.875
8.42 18.05
8.44 17.7625
8.46 20.9
8.48 20.975
8.5 20.4375
8.52 17.7875
8.54 18.025
8.56 18.1
8.58 19.05
8.6 19.0125
8.62 19.075
8.64 18.0875
8.66 18.8875
8.68 20.9625
8.7 19.125
8.72 18.575
8.74 18.575
8.76 19.425
8.78 17.65
8.8 17.5375
8.82 19.3375
8.84 18.65
8.86 19.4125
8.88 18.325
8.9 18.55
8.92 19.3875
8.94 20.0125
8.96 18.2
8.98 16.55
9 16.5625
9.02 17.7875
9.04 22.5
9.06 23.2
9.08 21.2875
9.1 18.1125
9.12 19.8375
9.14 21.1
9.16 21.525
9.18 21.875
9.2 21.1375
9.22 18.9375
9.24 17.7125
9.26 19.1
9.28 20.15
9.3 19.8
9.32 21.0875
9.34 20.425
9.36 18.5375
9.38 17.1625
9.4 17.25
9.42 19.8
9.44 21.825
9.46 20.2875
9.48 20.3875
9.5 20.8125
9.52 21.2875
9.54 18.9875
9.56 20.4
9.58 19.225
9.6 19.35
9.62 19.175
9.64 19.425
9.66 21.025
9.68 21.475
9.7 18.475
9.72 18.2875
9.74 18.8375
9.76 19.3125
9.78 21.4625
9.8 20.5875
9.82 19.35
9.84 19.5375
9.86 21.5
9.88 19
9.9 19.875
9.92 20.45
9.94 19.45
9.96 18.5875
9.98 20.25
