0 0.0125
0.02 2.4625
0.04 10.1125
0.06 6.6125
0.08 5.1
0.1 6.15
0.12 5.4125
0.14 6.6
0.16 5.225
0.18 4.5875
0.2 4.725
0.22 6.125
0.24 4.7625
0.26 4.975
0.28 4.925
0.3 5.475
0.32 5.05
0.34 5.1
0.36 4.525
0.38 3.9
0.4 4.1375
0.42 5.55
0.44 5.7125
0.46 4.9
0.48 4.3625
0.5 4.9125
0.52 4.775
0.54 4.625
0.56 4.7625
0.58 4.15
0.6 4.775
0.62 5.075
0.64 5.225
0.66 4.3125
0.68 4.5
0.7 4.4375
0.72 5.3625
0.74 4.825
0.76 5.425
0.78 5.375
0.8 4.5
0.82 5.6625
0.84 4.8875
0.86 4.3375
0.88 4.85
0.9 4.4625
0.92 4.375
0.94 5.1125
0.96 5.125
0.98 3.75
1 4.975
1.02 5.05
1.04 6
1.06 5.1
1.08 4.4625
1.1 5.475
1.12 4.7875
1.14 5.15
1.16 5.2375
1.18 4.5375
1.2 5.775
1.22 4.65
1.24 4.6875
1.26 4.8875
1.28 4.625
1.3 5.1625
1.32 5.075
1.34 5.5
1.36 5.2625
1.38 5.9125
1.4 5.175
1.42 5.075
1.44 6.625
1.46 5.9625
1.48 5.0125
1.5 4.5875
1.52 4.7
1.54 5.025
1.56 4.8125
1.58 5.875
1.6 5.125
1.62 5.6375
1.64 5.5125
1.66 5.7
1.68 5.5
1.7 5.425
1.72 5.5625
1.74 5.125
1.76 5.275
1.78 5.8875
1.8 4.5625
1.82 5.0375
1.84 4.9125
1.86 5.025
1.88 5.1875
1.9 5.6875
1.92 4.8125
1.94 4.975
1.96 6.4875
1.98 4.625
2 5.15
2.02 5.075
2.04 6.075
2.06 5.5875
2.08 6.1625
2.1 8.45
2.12 6.6375
2.14 6.9
2.16 6.6
2.18 6.9
2.2 6.1875
2.22 6.4625
2.24 5.1875
2.26 5.3125
2.28 5.4
2.3 5.575
2.32 6.3375
2.34 5.975
2.36 5.5
2.38 5.05
2.4 4.925
2.42 5.9375
2.44 6.4
2.46 6.6125
2.48 6.225
2.5 7.2875
2.52 7.2
2.54 6.525
2.56 5.5125
2.58 5.55
2.6 4.8
2.62 5.55
2.64 4.5875
2.66 6.1375
2.68 6.3125
2.7 4.7125
2.72 5.2125
2.74 6.4875
2.76 6.4375
2.78 6.3
2.8 5.0625
2.82 5.4625
2.84 6.675
2.86 6.775
2.88 6.5125
2.9 6.0125
2.92 5.7375
2.94 4.8625
2.96 6.2125
2.98 7.1375
3 6.3375
3.02 6.9125
3.04 8.8625
3.06 7.9375
3.08 6.8375
3.1 7.2875
3.12 7.9375
3.14 9.5
3.16 9.9
3.18 9.25
3.2 8.3
3.22 8.15
3.24 7.4125
3.26 6.3875
3.28 6.65
3.3 6.7875
3.32 7.2625
3.34 7.3625
3.36 6.1
3.38 6.3
3.4 7.025
3.42 8.225
3.44 7.0125
3.46 7.7625
3.48 6.8
3.5 6
3.52 6.35
3.54 6.325
3.56 8
3.58 8.7125
3.6 8.375
3.62 7.3625
3.64 6.425
3.66 6.475
3.68 5.8
3.7 7.1875
3.72 7.625
3.74 8.075
3.76 7.65
3.78 6.2375
3.8 6.55
3.82 6.85
3.84 7.525
3.86 7.625
3.88 5.925
3.9 6.9125
3.92 6.75
3.94 7.5
3.96 8.4375
3.98 7.4
4 6.55
4.02 7.65
4.04 11.55
4.06 10.7125
4.08 10.7375
4.1 10.625
4.12 9.625
4.14 8.75
4.16 9.2
4.18 8.125
4.2 8.775
4.22 8.6375
4.24 9.25
4.26 7.6875
4.28 9.85
4.3 11.2625
4.32 10.9875
4.34 11.0625
4.36 9.175
4.38 9.2375
4.4 9.775
4.42 7.125
4.44 6.5875
4.46 7.6375
4.48 8.4375
4.5 9.9625
4.52 10.375
4.54 8.0875
4.56 7.8375
4.58 9.125
4.6 9.4375
4.62 9.3125
4.64 10.225
4.66 8.6875
4.68 7.65
4.7 8.4875
4.72 9.85
4.74 9.4625
4.76 9.6375
4.78 8.7875
4.8 9.7625
4.82 10.5
4.84 11.275
4.86 10.0875
4.88 8.8125
4.9 8.775
4.92 7.8
4.94 7.9125
4.96 8.6
4.98 9.2625
5 9.9125
5.02 10.15
5.04 12.2125
5.06 12.4125
5.08 11.3375
5.1 9.9375
5.12 10.2875
5.14 10.825
5.16 11.05
5.18 10.7375
5.2 10.6125
5.22 10.625
5.24 12.1625
5.26 11.55
5.28 10.2
5.3 10.75
5.32 11.5625
5.34 10.4625
5.36 11.525
5.38 11.6125
5.4 12.0375
5.42 11.7125
5.44 12.175
5.46 14.0375
5.48 14.275
5.5 10.9375
5.52 10.3625
5.54 10.2875
5.56 9.2875
5.58 9.2875
5.6 10.5375
5.62 10.2375
5.64 8.975
5.66 10.6125
5.68 11.8875
5.7 12.4875
5.72 10.3875
5.74 8.2
5.76 10.675
5.78 11.1625
5.8 11.775
5.82 11.7
5.84 11.775
5.86 11.85
5.88 11.4
5.9 10.6375
5.92 10.8625
5.94 11.0625
5.96 10.2
5.98 9.675
6 11
6.02 12.0375
6.04 13.725
6.06 13.7125
6.08 13.1625
6.1 13.675
6.12 12.95
6.14 13.2875
6.16 13.575
6.18 12.225
6.2 12.2875
6.22 12.85
6.24 12.6
6.26 12.2625
6.28 12.9875
6.3 13.25
6.32 11.875
6.34 11.9125
6.36 13.1625
6.38 12.9625
6.4 14.2
6.42 12.5125
6.44 11.9625
6.46 13.4625
6.48 13.7125
6.5 12.5125
6.52 10.3875
6.54 10.175
6.56 10.8625
6.58 12.5875
6.6 11.525
6.62 12.2875
6.64 11.875
6.66 12.2375
6.68 14.0875
6.7 13.9375
6.72 13.8875
6.74 14.225
6.76 12.9375
6.78 12.8
6.8 11.5125
6.82 12.4875
6.84 13.025
6.86 12.4375
6.88 12.4875
6.9 12.3
6.92 12.45
6.94 12.025
6.96 14.725
6.98 14.0375
7 13.575
7.02 13.3
7.04 14.425
7.06 13.6125
7.08 13.45
7.1 12.975
7.12 13.7125
7.14 13.95
7.16 14.1875
7.18 13.1375
7.2 12.125
7.22 12.475
7.24 13.9
7.26 15.1
7.28 14.7
7.3 15.1
7.32 13.4625
7.34 12.2875
7.36 12.75
7.38 13.8375
7.4 13.0625
7.42 13.6625
7.44 14.85
7.46 13.5125
7.48 11.9
7.5 12.0375
7.52 13.95
7.54 13.9375
7.56 13.15
7.58 14.1
7.6 15.275
7.62 13.7625
7.64 12.4125
7.66 13.0625
7.68 12.425
7.7 12.825
7.72 13.0375
7.74 12.0375
7.76 13.7625
7.78 15.1875
7.8 14.4625
7.82 13.7875
7.84 12.6
7.86 12.5875
7.88 11.8
7.9 12.45
7.92 11.8125
7.94 13.3
7.96 13.8
7.98 14.4375
8 14.8875
8.02 14.1875
8.04 15.075
8.06 14.2375
8.08 13.55
8.1 13.7875
8.12 14.975
8.14 13.725
8.16 14.375
8.18 13.9625
8.2 14.6
8.22 14.6875
8.24 14.95
8.26 15.5125
8.28 14.375
8.3 14.95
8.32 16.05
8.34 16.25
8.36 14.85
8.38 14.15
8.4 13.575
8.42 13.7625
8.44 13.25
8.46 15.9875
8.48 16.6875
8.5 16.725
8.52 14.2125
8.54 13.2875
8.56 12.875
8.58 14.2875
8.6 14
8.62 14.4
8.64 13.6125
8.66 14.2125
8.68 15.4875
8.7 13.6125
8.72 13.7125
8.74 14.125
8.76 15.1125
8.78 14.3375
8.8 13.6125
8.82 14.9625
8.84 14.3375
8.86 14.45
8.88 13.2875
8.9 13.0375
8.92 14.35
8.94 15.2125
8.96 14.5875
8.98 12.5125
9 12.0875
9.02 12.75
9.04 16.7875
9.06 17.2875
9.08 15.9125
9.1 13.7125
9.12 15.475
9.14 16.85
9.16 17
9.18 17.8125
9.2 16.475
9.22 14.6875
9.24 13.75
9.26 14.3625
9.28 14.825
9.3 13.9375
9.32 15.7875
9.34 15.475
9.36 14.7375
9.38 12.9
9.4 13.3375
9.42 15.2875
9.44 17.4375
9.46 16.225
9.48 15.95
9.5 15.525
9.52 15.5375
9.54 15.025
9.56 15.1375
9.58 14.925
9.6 15.7
9.62 14.625
9.64 14.8
9.66 15.55
9.68 15.7875
9.7 13.9875
9.72 13.15
9.74 13.4125
9.76 15.25
9.78 16.875
9.8 15.925
9.82 15.275
9.84 15.4875
9.86 16.05
9.88 14.7
9.9 14.9
9.92 15.5875
9.94 15
9.96 13.8125
9.98 14.2625
